#reader(lib"read.ss""wxme")WXME0108 ## 
#|
   This file uses the GRacket editor format.
   Open this file in DrRacket version 5.3.6 or later to read it.

   Most likely, it was created by saving a program in DrRacket,
   and it probably contains a program with non-text elements
   (such as images or comment boxes).

            http://racket-lang.org/
|#
 30 7 #"wxtext\0"
3 1 6 #"wxtab\0"
1 1 8 #"wximage\0"
2 0 8 #"wxmedia\0"
4 1 34 #"(lib \"syntax-browser.ss\" \"mrlib\")\0"
1 0 16 #"drscheme:number\0"
3 0 44 #"(lib \"number-snip.ss\" \"drscheme\" \"private\")\0"
1 0 36 #"(lib \"comment-snip.ss\" \"framework\")\0"
1 0 93
(
 #"((lib \"collapsed-snipclass.ss\" \"framework\") (lib \"collapsed-sni"
 #"pclass-wxme.ss\" \"framework\"))\0"
) 0 0 43 #"(lib \"collapsed-snipclass.ss\" \"framework\")\0"
0 0 19 #"drscheme:sexp-snip\0"
0 0 36 #"(lib \"cache-image-snip.ss\" \"mrlib\")\0"
1 0 68
(
 #"((lib \"image-core.ss\" \"mrlib\") (lib \"image-core-wxme.rkt\" \"mr"
 #"lib\"))\0"
) 1 0 29 #"drscheme:bindings-snipclass%\0"
1 0 88
(
 #"((lib \"pict-snip.rkt\" \"drracket\" \"private\") (lib \"pict-snip.r"
 #"kt\" \"drracket\" \"private\"))\0"
) 0 0 33 #"(lib \"bullet-snip.ss\" \"browser\")\0"
0 0 25 #"(lib \"matrix.ss\" \"htdp\")\0"
1 0 22 #"drscheme:lambda-snip%\0"
1 0 26 #"drracket:spacer-snipclass\0"
0 0 57
#"(lib \"hrule-snip.rkt\" \"macro-debugger\" \"syntax-browser\")\0"
1 0 26 #"drscheme:pict-value-snip%\0"
0 0 45 #"(lib \"image-snipr.ss\" \"slideshow\" \"private\")\0"
1 0 38 #"(lib \"pict-snipclass.ss\" \"slideshow\")\0"
2 0 55 #"(lib \"vertical-separator-snip.ss\" \"stepper\" \"private\")\0"
1 0 18 #"drscheme:xml-snip\0"
1 0 31 #"(lib \"xml-snipclass.ss\" \"xml\")\0"
1 0 21 #"drscheme:scheme-snip\0"
2 0 34 #"(lib \"scheme-snipclass.ss\" \"xml\")\0"
1 0 10 #"text-box%\0"
1 0 32 #"(lib \"text-snipclass.ss\" \"xml\")\0"
1 0 1 6 #"wxloc\0"
          0 0 57 0 1 #"\0"
0 75 1 #"\0"
0 12 90 -1 90 -1 3 -1 0 1 0 1 0 0 0 0 0 0 0 0 0 0 0 255 255 255 1 -1 0 9
#"Standard\0"
0 75 10 #"Monospace\0"
0 12 90 -1 90 -1 3 -1 0 1 0 1 0 0 0 0 0 0 0 0 0 0 0 255 255 255 1 -1 2 1
#"\0"
0 -1 1 #"\0"
1 0 -1 -1 -1 -1 -1 -1 0 0 0 0 0 0 1 1 1 1 1 1 0 0 0 0 0 0 -1 -1 2 24
#"framework:default-color\0"
0 -1 1 #"\0"
1 0 -1 -1 -1 -1 -1 -1 0 0 0 0 0 0 0 0 0 1 1 1 0 0 0 0 0 0 -1 -1 2 1
#"\0"
0 -1 1 #"\0"
1 0 -1 -1 -1 -1 -1 -1 0 0 0 0 0 0 0 0 0 1 1 1 150 0 150 0 0 0 -1 -1 2 15
#"text:ports out\0"
0 -1 1 #"\0"
1 0 -1 -1 -1 -1 -1 -1 0 0 0 0 0 0 0 0 0 1 1 1 150 0 150 0 0 0 -1 -1 2 1
#"\0"
0 -1 1 #"\0"
1.0 0 -1 -1 93 -1 -1 -1 0 0 0 0 0 0 0 0 0 1.0 1.0 1.0 255 0 0 0 0 0 -1
-1 2 15 #"text:ports err\0"
0 -1 1 #"\0"
1.0 0 -1 -1 93 -1 -1 -1 0 0 0 0 0 0 0 0 0 1.0 1.0 1.0 255 0 0 0 0 0 -1
-1 2 1 #"\0"
0 -1 1 #"\0"
1 0 -1 -1 -1 -1 -1 -1 0 0 0 0 0 0 0 0 0 1 1 1 0 0 175 0 0 0 -1 -1 2 17
#"text:ports value\0"
0 -1 1 #"\0"
1 0 -1 -1 -1 -1 -1 -1 0 0 0 0 0 0 0 0 0 1 1 1 0 0 175 0 0 0 -1 -1 2 1
#"\0"
0 -1 1 #"\0"
1.0 0 92 -1 -1 -1 -1 -1 0 0 0 0 0 0 0 0 0 1.0 1.0 1.0 34 139 34 0 0 0 -1
-1 2 27 #"Matching Parenthesis Style\0"
0 -1 1 #"\0"
1.0 0 92 -1 -1 -1 -1 -1 0 0 0 0 0 0 0 0 0 1.0 1.0 1.0 34 139 34 0 0 0 -1
-1 2 1 #"\0"
0 -1 1 #"\0"
1 0 -1 -1 -1 -1 -1 -1 0 0 0 0 0 0 0 0 0 1 1 1 38 38 128 0 0 0 -1 -1 2 37
#"framework:syntax-color:scheme:symbol\0"
0 -1 1 #"\0"
1 0 -1 -1 -1 -1 -1 -1 0 0 0 0 0 0 0 0 0 1 1 1 38 38 128 0 0 0 -1 -1 2 38
#"framework:syntax-color:scheme:keyword\0"
0 -1 1 #"\0"
1 0 -1 -1 -1 -1 -1 -1 0 0 0 0 0 0 0 0 0 1 1 1 38 38 128 0 0 0 -1 -1 2 1
#"\0"
0 -1 1 #"\0"
1 0 -1 -1 -1 -1 -1 -1 0 0 0 0 0 0 0 0 0 1 1 1 194 116 31 0 0 0 -1 -1 2
38 #"framework:syntax-color:scheme:comment\0"
0 -1 1 #"\0"
1 0 -1 -1 -1 -1 -1 -1 0 0 0 0 0 0 0 0 0 1 1 1 194 116 31 0 0 0 -1 -1 2 1
#"\0"
0 -1 1 #"\0"
1 0 -1 -1 -1 -1 -1 -1 0 0 0 0 0 0 0 0 0 1 1 1 41 128 38 0 0 0 -1 -1 2 37
#"framework:syntax-color:scheme:string\0"
0 -1 1 #"\0"
1 0 -1 -1 -1 -1 -1 -1 0 0 0 0 0 0 0 0 0 1 1 1 41 128 38 0 0 0 -1 -1 2 39
#"framework:syntax-color:scheme:constant\0"
0 -1 1 #"\0"
1 0 -1 -1 -1 -1 -1 -1 0 0 0 0 0 0 0 0 0 1 1 1 41 128 38 0 0 0 -1 -1 2 1
#"\0"
0 -1 1 #"\0"
1 0 -1 -1 -1 -1 -1 -1 0 0 0 0 0 0 0 0 0 1 1 1 132 60 36 0 0 0 -1 -1 2 49
#"framework:syntax-color:scheme:hash-colon-keyword\0"
0 -1 1 #"\0"
1 0 -1 -1 -1 -1 -1 -1 0 0 0 0 0 0 0 0 0 1 1 1 132 60 36 0 0 0 -1 -1 2 42
#"framework:syntax-color:scheme:parenthesis\0"
0 -1 1 #"\0"
1 0 -1 -1 -1 -1 -1 -1 0 0 0 0 0 0 0 0 0 1 1 1 132 60 36 0 0 0 -1 -1 2 1
#"\0"
0 -1 1 #"\0"
1 0 -1 -1 -1 -1 -1 -1 0 0 0 0 0 0 0 0 0 1 1 1 255 0 0 0 0 0 -1 -1 2 36
#"framework:syntax-color:scheme:error\0"
0 -1 1 #"\0"
1 0 -1 -1 -1 -1 -1 -1 0 0 0 0 0 0 0 0 0 1 1 1 255 0 0 0 0 0 -1 -1 2 1
#"\0"
0 -1 1 #"\0"
1 0 -1 -1 -1 -1 -1 -1 0 0 0 0 0 0 0 0 0 1 1 1 0 0 0 0 0 0 -1 -1 2 36
#"framework:syntax-color:scheme:other\0"
0 -1 1 #"\0"
1 0 -1 -1 -1 -1 -1 -1 0 0 0 0 0 0 0 0 0 1 1 1 0 0 0 0 0 0 -1 -1 2 16
#"Misspelled Text\0"
0 -1 1 #"\0"
1 0 -1 -1 -1 -1 -1 -1 0 0 0 0 0 0 0 0 0 1 1 1 0 0 0 0 0 0 -1 -1 2 1
#"\0"
0 -1 1 #"\0"
1 0 -1 -1 -1 -1 -1 -1 0 0 0 0 0 0 0 0 0 1 1 1 81 112 203 0 0 0 -1 -1 2
38 #"drracket:check-syntax:lexically-bound\0"
0 -1 1 #"\0"
1 0 -1 -1 -1 -1 -1 -1 0 0 0 0 0 0 0 0 0 1 1 1 81 112 203 0 0 0 -1 -1 2 1
#"\0"
0 -1 1 #"\0"
1 0 -1 -1 -1 -1 -1 -1 0 0 0 0 0 0 0 0 0 1 1 1 178 34 34 0 0 0 -1 -1 2 28
#"drracket:check-syntax:set!d\0"
0 -1 1 #"\0"
1 0 -1 -1 -1 -1 -1 -1 0 0 0 0 0 0 0 0 0 1 1 1 178 34 34 0 0 0 -1 -1 2 37
#"drracket:check-syntax:unused-require\0"
0 -1 1 #"\0"
1 0 -1 -1 -1 -1 -1 -1 0 0 0 0 0 0 0 0 0 1 1 1 255 0 0 0 0 0 -1 -1 2 36
#"drracket:check-syntax:free-variable\0"
0 -1 1 #"\0"
1 0 -1 -1 -1 -1 -1 -1 0 0 0 0 0 0 0 0 0 1 1 1 255 0 0 0 0 0 -1 -1 2 1
#"\0"
0 -1 1 #"\0"
1 0 -1 -1 -1 -1 -1 -1 0 0 0 0 0 0 0 0 0 1 1 1 68 0 203 0 0 0 -1 -1 2 31
#"drracket:check-syntax:imported\0"
0 -1 1 #"\0"
1 0 -1 -1 -1 -1 -1 -1 0 0 0 0 0 0 0 0 0 1 1 1 68 0 203 0 0 0 -1 -1 2 47
#"drracket:check-syntax:my-obligation-style-pref\0"
0 -1 1 #"\0"
1 0 -1 -1 -1 -1 -1 -1 0 0 0 0 0 0 0 0 0 1 1 1 178 34 34 0 0 0 -1 -1 2 1
#"\0"
0 -1 1 #"\0"
1 0 -1 -1 -1 -1 -1 -1 0 0 0 0 0 0 0 0 0 1 1 1 0 116 0 0 0 0 -1 -1 2 50
#"drracket:check-syntax:their-obligation-style-pref\0"
0 -1 1 #"\0"
1 0 -1 -1 -1 -1 -1 -1 0 0 0 0 0 0 0 0 0 1 1 1 0 116 0 0 0 0 -1 -1 2 48
#"drracket:check-syntax:unk-obligation-style-pref\0"
0 -1 1 #"\0"
1 0 -1 -1 -1 -1 -1 -1 0 0 0 0 0 0 0 0 0 1 1 1 0 0 0 0 0 0 -1 -1 2 1
#"\0"
0 -1 1 #"\0"
1 0 -1 -1 -1 -1 -1 -1 0 0 0 0 0 0 0 0 0 1 1 1 139 142 28 0 0 0 -1 -1 2
49 #"drracket:check-syntax:both-obligation-style-pref\0"
0 -1 1 #"\0"
1 0 -1 -1 -1 -1 -1 -1 0 0 0 0 0 0 0 0 0 1 1 1 139 142 28 0 0 0 -1 -1 2
26 #"plt:htdp:test-coverage-on\0"
0 -1 1 #"\0"
1 0 -1 -1 -1 -1 -1 -1 0 0 0 0 0 0 0 0 0 1 1 1 0 0 0 0 0 0 -1 -1 2 1
#"\0"
0 -1 1 #"\0"
1 0 -1 -1 -1 -1 -1 -1 0 0 0 0 0 1 0 0 0 0 0 0 255 165 0 0 0 0 -1 -1 2 27
#"plt:htdp:test-coverage-off\0"
0 -1 1 #"\0"
1 0 -1 -1 -1 -1 -1 -1 0 0 0 0 0 1 0 0 0 0 0 0 255 165 0 0 0 0 -1 -1 4 1
#"\0"
0 70 1 #"\0"
1.0 0 -1 -1 -1 -1 -1 -1 0 0 0 0 0 0 1.0 1.0 1.0 1.0 1.0 1.0 0 0 0 0 0 0
-1 -1 4 4 #"XML\0"
0 70 1 #"\0"
1.0 0 -1 -1 -1 -1 -1 -1 0 0 0 0 0 0 1.0 1.0 1.0 1.0 1.0 1.0 0 0 0 0 0 0
-1 -1 2 37 #"plt:module-language:test-coverage-on\0"
0 -1 1 #"\0"
1 0 -1 -1 -1 -1 -1 -1 0 0 0 0 0 0 0 0 0 1 1 1 0 0 0 0 0 0 -1 -1 2 38
#"plt:module-language:test-coverage-off\0"
0 -1 1 #"\0"
1 0 -1 -1 -1 -1 -1 -1 0 0 0 0 0 1 0 0 0 0 0 0 255 165 0 0 0 0 -1 -1 4 1
#"\0"
0 71 1 #"\0"
1.0 0 -1 -1 -1 -1 -1 -1 0 0 0 0 0 0 1.0 1.0 1.0 1.0 1.0 1.0 0 0 0 0 0 0
-1 -1 4 1 #"\0"
0 -1 1 #"\0"
1.0 0 -1 -1 -1 -1 -1 -1 1 0 0 0 0 0 0 0 0 1.0 1.0 1.0 0 0 255 0 0 0 -1
-1 4 1 #"\0"
0 71 1 #"\0"
1.0 0 -1 -1 -1 -1 -1 -1 1 0 0 0 0 0 0 0 0 1.0 1.0 1.0 0 0 255 0 0 0 -1
-1 4 1 #"\0"
0 71 1 #"\0"
1.0 0 -1 -1 -1 -1 -1 -1 0 0 0 0 0 0 0 0 0 1.0 1.0 1.0 0 100 0 0 0 0 -1
-1 0 1 #"\0"
0 75 10 #"Monospace\0"
0.0 12 90 -1 90 -1 3 -1 0 1 0 1 0 0 0.0 0.0 0.0 0.0 0.0 0.0 0 0 0 255
255 255 1 -1 2 1 #"\0"
0 -1 1 #"\0"
1.0 0 -1 -1 -1 -1 -1 -1 0 0 0 0 0 0 0.0 0.0 0.0 1.0 1.0 1.0 200 0 0 0 0
0 -1 -1 4 1 #"\0"
0 -1 1 #"\0"
1.0 0 92 -1 -1 -1 -1 -1 0 0 0 0 0 1 0.0 0.0 0.0 0.0 0.0 0.0 0 0 0 255
255 0 -1 -1           0 426 0 27 3 12 #"#lang racket"
0 0 23 29 1 #"\n"
0 0 23 3 1 #"("
0 0 14 3 7 #"require"
0 0 23 3 1 #" "
0 0 14 3 11 #"2htdp/image"
0 0 23 3 1 #")"
0 0 23 29 1 #"\n"
0 0 23 3 1 #"("
0 0 14 3 7 #"require"
0 0 23 3 1 #" "
0 0 14 3 18 #"picturing-programs"
0 0 23 3 1 #")"
0 0 23 29 1 #"\n"
0 0 23 29 1 #"\n"
0 0 23 3 1 #"("
0 0 15 3 6 #"define"
0 0 23 3 1 #" "
0 0 14 3 7 #"megaman"
0 0 23 3 2 #" ("
0 0 14 3 4 #"list"
0 0 23 3 1 #" "
0 2          13 4 1 #"\0"
2 -1.0 -1.0 0.0 0.0 0           1 457
(
 #"\211PNG\r\n\32\n\0\0\0\rIHDR\0\0\0\32\0\0\0\31\b"
 #"\6\0\0\0/\336>`\0\0\1\220IDATH\211\275\2251\323\302 \f"
 #"\206\337x\16\254n\35\35\375Y\376\4G\306\216\214\376<F\307Nv\315\226o"
 #"(\301@\261E\357;s\227\223\202\344\2017\1HD\360\v;\374\204\362K\320"
 #"\361\233ID\224\365\26\21\372w\220\5"
 #"`\212\271\257\a\326\r\"\"\201\347W"
 #"\307\340\26\330\24\273`\324Su+\210"
 #"Zp\305\347\26\354\253\34\25\226$\304"
 #"\375\274\271\263\267UGD\242\236\203\325"
 #"\346\31\30.\213\357\330jG9\341\32"
 #"\274\n\302\327\218\217\263~;\360\t\0x\304\354\2NoI\"\222\35\200\300"
 #"\263\0\20Lqqm{\26\216^\230\371\311\314O\0\2@8\372\3457\365\331"
 #"x\326\263tE\302U\22\335Y\2074\265*Y\366d\207\25d\317\36\343\"\25"
 #"\363\314\314\263\266\265?\307J\256\260v"
 #"\325\5\a\21\241\\\bS\4\6\a\a\6_G8\347\212\\p\304\311]\302\346"
 #"\356\373\313;\301p\365\340\350\213\241="
 #"\b`\16l\353\376\3122\334\36\257\31\255`\266\374\357\347W;)S\20029"
 #"\1\263t6w\26h\301\346\320\266 @%\235\r\\\\\240\255\325\336\36\300p"
 #")s\371\6R\354\250Yyz\227i\177%\241\r\266\367tl\227\267\256\262\272"
 #"<u\254\16\256\276\376s\353\256\253\203jy\a\267.\4sN\366\354\250\253)"
 #"&\4\207\362\3551\271\260y\372\300r1\254\222G$\b\355\261bA\350{e"
 #"\273\36\276\f\336\272\246\32\225\366=h\307\266@\177yM"
 #"1l\3219m,\0\0\0\0IEND\256B`\202"
) 0 0 23 3 1 #" "
0 2          13 4 1 #"\0"
2 -1.0 -1.0 0.0 0.0 0           1 406
(
 #"\211PNG\r\n\32\n\0\0\0\rIHDR\0\0\0\32\0\0\0\31\b"
 #"\6\0\0\0/\336>`\0\0\1]IDATH\211\275\225;\222\303 \20"
 #"D{\2666\340\b\204\169\226\217A\250P\241\217G\350PG\350l6@`"
 #"#!>\336\255\355*J\bI<\315\27QU\374\207\276?\371HD\362\337\251"
 #"\252\3749\350\35\200-\344\265\21\3300HD\24\236\257\5k\"l\vC0\31"
 #"\211\321\t\222\264\232\342\266\5\373(F\205v\27\342qkZ\366\325\333GD4"
 #"ov\224'`]\34\35M[\304\373\2\334\226|o\20]\312\0050k\343C"
 #"U\275\34\0\24\200b\v\nOe\360JRIjz\306\340\343u_\273\332\353"
 #"\322u\331e[\30rMOUP3.\317\5\0@\22$\363<\255_\351\24"
 #"\243*d\v\20050 x_`L\231\326\f\200qk3\275Out\2Y"
 #"\367Ja\353\300\340O\233\364 UP\206\275\27\350j\nXM=\320Xz{"
 #"\306\226\3\340\344V\353\0\317n\e\252"
 #"\202TU\n\253V\203<\267\a\353j"
 #"\255\251\242f\257\253\366\270\4\235\350s"
 #"\351\205~\321z\306\221\346\251\210\e\5"
 #"z\34\335\30e7\2\273\313\236@\253\325\\h\254\251f\310\233\254\e>]\201"
 #"N\326\0251z\224\317f @\303\242\326a7\v\1f\216\211C\226\315j>"
 #"\275w\350\254UM\213\212\214\373\245~\0\253t8"
 #"\226\3534\317X\0\0\0\0IEND\256B`\202"
) 0 0 23 3 1 #" "
0 2          13 4 1 #"\0"
2 -1.0 -1.0 0.0 0.0 0           1 444
(
 #"\211PNG\r\n\32\n\0\0\0\rIHDR\0\0\0\32\0\0\0\31\b"
 #"\6\0\0\0/\336>`\0\0\1\203IDATH\211\275\225=r\2030\20"
 #"\205\2372)\266uGI\311\261r\4\227*)Ur\4\37K%%\225I\271"
 #"\335\246\0\t\375\e\333\31\277\31\rH\f\373iWO\222\22\21|B_\37\241"
 #"|\22\364\375\316\317J)_w\21Q\377\16\n\1X\254\37k\301\236\6)\245"
 #"\4\232\217\201\2166\330b\2330\365\214"
 #"\3532\210\223\241\250[\202\275\265F\221"
 #"\366\22b\352\213\231\235v\235RJ|\260T\232\201n\330ZE/g\304?#"
 #"\320\217\253\353\23\370\2\0<b%\203"
 #"K\366\203\2104\e\0\361m\261\2\315"
 #"\302V\v3\337\231\371\356\276\261\325\333"
 #"s\37K\343T3\362\26\16\313\325\r"
 #"(\232\341\204\212k\344\335\245\31\230\372"
 #"\343\303b\17\207\315\343V*\346\225\231W\367\356\306Se\31U-\fl\31-"
 #"\26\4\200\177o \242(([\\h0E{g\373(\3\205{$u\335\324"
 #"o\246\330E\203\361\357)\354\224\353DDE\307\216\323u\6uG\360p\202\351"
 #"^\312@iP\337\327\f`>\fq\235\263\340-\265\327\310P|\200N\375V"
 #"\276\216\0\4\260\23\212\326\250h\4\263"
 #"\37\232\241\373\334xC\351\32yP\325m\341\254SX\370\255\e\232wR\331\f"
 #"\206\312\265\2579p\352\1\315\347\257\211"
 #"\314Y\16v\235\263\31\327\312\\\3E\31euu`\363\370\252v\331\326\262z"
 #"\352\342\213&\320\262u!\263\327A\17\224\202\376\0\306}"
 #"\e\310_\332\235\270\0\0\0\0IEND\256B`\202"
) 0 0 23 3 1 #" "
0 2          13 4 1 #"\0"
2 -1.0 -1.0 0.0 0.0 0           1 406
(
 #"\211PNG\r\n\32\n\0\0\0\rIHDR\0\0\0\32\0\0\0\31\b"
 #"\6\0\0\0/\336>`\0\0\1]IDATH\211\275\225;\222\303 \20"
 #"D{\2666\340\b\204\169\226\217A\250P\241\217G\350PG\350l6@`"
 #"#!>\336\255\355*J\bI<\315\27QU\374\207\276?\371HD\362\337\251"
 #"\252\3749\350\35\200-\344\265\21\3300HD\24\236\257\5k\"l\vC0\31"
 #"\211\321\t\222\264\232\342\266\5\373(F\205v\27\342qkZ\366\325\333GD4"
 #"ov\224'`]\34\35M[\304\373\2\334\226|o\20]\312\0050k\343C"
 #"U\275\34\0\24\200b\v\nOe\360JRIjz\306\340\343u_\273\332\353"
 #"\322u\331e[\30rMOUP3.\317\5\0@\22$\363<\255_\351\24"
 #"\243*d\v\20050 x_`L\231\326\f\200qk3\275Out\2Y"
 #"\367Ja\353\300\340O\233\364 UP\206\275\27\350j\nXM=\320Xz{"
 #"\306\226\3\340\344V\353\0\317n\e\252"
 #"\202TU\n\253V\203<\267\a\353j"
 #"\255\251\242f\257\253\366\270\4\235\350s"
 #"\351\205~\321z\306\221\346\251\210\e\5"
 #"z\34\335\30e7\2\273\313\236@\253\325\\h\254\251f\310\233\254\e>]\201"
 #"N\326\0251z\224\317f @\303\242\326a7\v\1f\216\211C\226\315j>"
 #"\275w\350\254UM\213\212\214\373\245~\0\253t8"
 #"\226\3534\317X\0\0\0\0IEND\256B`\202"
) 0 0 23 3 2 #"))"
0 0 23 29 1 #"\n"
0 0 23 3 1 #"("
0 0 14 3 8 #"list-ref"
0 0 23 3 1 #" "
0 0 14 3 7 #"megaman"
0 0 23 3 1 #" "
0 0 20 3 1 #"0"
0 0 23 3 1 #")"
0 0 23 29 1 #"\n"
0 0 23 3 1 #"("
0 0 14 3 8 #"list-ref"
0 0 23 3 1 #" "
0 0 14 3 7 #"megaman"
0 0 23 3 1 #" "
0 0 20 3 1 #"1"
0 0 23 3 1 #")"
0 0 23 29 1 #"\n"
0 0 23 3 1 #"("
0 0 14 3 8 #"list-ref"
0 0 23 3 1 #" "
0 0 14 3 7 #"megaman"
0 0 23 3 1 #" "
0 0 20 3 1 #"2"
0 0 23 3 1 #")"
0 0 23 29 1 #"\n"
0 0 23 3 1 #"("
0 0 14 3 13 #"reflect-horiz"
0 0 23 3 2 #" ("
0 0 14 3 8 #"list-ref"
0 0 23 3 1 #" "
0 0 14 3 7 #"megaman"
0 0 23 3 1 #" "
0 0 20 3 1 #"0"
0 0 23 3 2 #"))"
0 0 23 29 1 #"\n"
0 0 23 29 1 #"\n"
0 0 17 3 2 #";("
0 0 17 3 6 #"define"
0 0 17 3 2 #" ("
0 0 17 3 14 #"create-megaman"
0 0 17 3 6 #" tick)"
0 0 23 29 1 #"\n"
0 0 17 3 97
(
 #";  (place-image (list-ref megaman (remainder (floor (/ tick 4)) 3)) "
 #"50 50 (empty-scene 200 200)))"
) 0 0 23 29 1 #"\n"
0 0 23 3 1 #"("
0 0 14 3 7 #"require"
0 0 23 3 1 #" "
0 0 14 3 14 #"2htdp/universe"
0 0 23 3 1 #")"
0 0 23 29 1 #"\n"
0 0 17 3 2 #";("
0 0 17 3 7 #"animate"
0 0 17 3 16 #" create-megaman)"
0 0 23 29 1 #"\n"
0 0 23 3 1 #"("
0 0 15 3 6 #"struct"
0 0 23 3 1 #" "
0 0 14 3 4 #"tick"
0 0 23 3 2 #" ("
0 0 14 3 5 #"frame"
0 0 23 3 1 #" "
0 0 14 3 4 #"xpos"
0 0 23 3 1 #" "
0 0 14 3 4 #"ypos"
0 0 23 3 1 #" "
0 0 14 3 7 #"mmstate"
0 0 23 3 2 #"))"
0 0 23 29 1 #"\n"
0 0 23 29 1 #"\n"
0 0 23 3 1 #"("
0 0 15 3 6 #"define"
0 0 23 3 2 #" ("
0 0 14 3 12 #"draw-megaman"
0 0 23 3 1 #" "
0 0 14 3 1 #"w"
0 0 23 3 1 #")"
0 0 23 29 1 #"\n"
0 0 23 3 3 #"  ("
0 0 14 3 2 #"if"
0 0 23 3 2 #" ("
0 0 14 3 1 #"="
0 0 23 3 2 #" ("
0 0 14 3 12 #"tick-mmstate"
0 0 23 3 1 #" "
0 0 14 3 1 #"w"
0 0 23 3 2 #") "
0 0 20 3 1 #"0"
0 0 23 3 1 #")"
0 0 23 29 1 #"\n"
0 0 23 3 7 #"      ("
0 0 14 3 11 #"place-image"
0 0 23 3 2 #" ("
0 0 14 3 8 #"list-ref"
0 0 23 3 1 #" "
0 0 14 3 7 #"megaman"
0 0 23 3 2 #" ("
0 0 14 3 9 #"remainder"
0 0 23 3 2 #" ("
0 0 14 3 5 #"floor"
0 0 23 3 2 #" ("
0 0 14 3 1 #"/"
0 0 23 3 2 #" ("
0 0 14 3 10 #"tick-frame"
0 0 23 3 1 #" "
0 0 14 3 1 #"w"
0 0 23 3 2 #") "
0 0 20 3 1 #"4"
0 0 23 3 3 #")) "
0 0 20 3 1 #"4"
0 0 23 3 4 #")) ("
0 0 14 3 9 #"tick-xpos"
0 0 23 3 1 #" "
0 0 14 3 1 #"w"
0 0 23 3 3 #") ("
0 0 14 3 9 #"tick-ypos"
0 0 23 3 1 #" "
0 0 14 3 1 #"w"
0 0 23 3 3 #") ("
0 0 14 3 11 #"empty-scene"
0 0 23 3 1 #" "
0 0 20 3 3 #"400"
0 0 23 3 1 #" "
0 0 20 3 3 #"400"
0 0 23 3 2 #"))"
0 0 23 29 1 #"\n"
0 0 23 3 7 #"      ("
0 0 14 3 11 #"place-image"
0 0 23 3 2 #" ("
0 0 14 3 13 #"reflect-horiz"
0 0 23 3 2 #" ("
0 0 14 3 8 #"list-ref"
0 0 23 3 1 #" "
0 0 14 3 7 #"megaman"
0 0 23 3 2 #" ("
0 0 14 3 9 #"remainder"
0 0 23 3 2 #" ("
0 0 14 3 5 #"floor"
0 0 23 3 2 #" ("
0 0 14 3 1 #"/"
0 0 23 3 2 #" ("
0 0 14 3 10 #"tick-frame"
0 0 23 3 1 #" "
0 0 14 3 1 #"w"
0 0 23 3 2 #") "
0 0 20 3 1 #"4"
0 0 23 3 3 #")) "
0 0 20 3 1 #"4"
0 0 23 3 5 #"))) ("
0 0 14 3 9 #"tick-xpos"
0 0 23 3 1 #" "
0 0 14 3 1 #"w"
0 0 23 3 3 #") ("
0 0 14 3 9 #"tick-ypos"
0 0 23 3 1 #" "
0 0 14 3 1 #"w"
0 0 23 3 3 #") ("
0 0 14 3 11 #"empty-scene"
0 0 23 3 1 #" "
0 0 20 3 3 #"400"
0 0 23 3 1 #" "
0 0 20 3 3 #"400"
0 0 23 3 4 #"))))"
0 0 23 29 1 #"\n"
0 0 23 3 1 #"("
0 0 15 3 6 #"define"
0 0 23 3 2 #" ("
0 0 14 3 11 #"update-tick"
0 0 23 3 1 #" "
0 0 14 3 1 #"w"
0 0 23 3 1 #")"
0 0 23 29 1 #"\n"
0 0 23 3 3 #"  ("
0 0 14 3 4 #"tick"
0 0 23 3 2 #" ("
0 0 14 3 4 #"add1"
0 0 23 3 2 #" ("
0 0 14 3 10 #"tick-frame"
0 0 23 3 1 #" "
0 0 14 3 1 #"w"
0 0 23 3 4 #")) ("
0 0 14 3 9 #"tick-xpos"
0 0 23 3 1 #" "
0 0 14 3 1 #"w"
0 0 23 3 3 #") ("
0 0 14 3 9 #"tick-ypos"
0 0 23 3 1 #" "
0 0 14 3 1 #"w"
0 0 23 3 3 #") ("
0 0 14 3 12 #"tick-mmstate"
0 0 23 3 1 #" "
0 0 14 3 1 #"w"
0 0 23 3 3 #")))"
0 0 23 29 1 #"\n"
0 0 23 29 1 #"\n"
0 0 23 3 1 #"("
0 0 15 3 6 #"define"
0 0 23 3 2 #" ("
0 0 14 3 7 #"tick100"
0 0 23 3 1 #" "
0 0 14 3 1 #"w"
0 0 23 3 1 #")"
0 0 23 29 1 #"\n"
0 0 23 3 3 #"  ("
0 0 14 3 2 #">="
0 0 23 3 2 #" ("
0 0 14 3 10 #"tick-frame"
0 0 23 3 1 #" "
0 0 14 3 1 #"w"
0 0 23 3 2 #") "
0 0 20 3 4 #"1000"
0 0 23 3 2 #"))"
0 0 23 29 1 #"\n"
0 0 23 29 1 #"\n"
0 0 23 3 1 #"("
0 0 15 3 6 #"define"
0 0 23 3 2 #" ("
0 0 14 3 9 #"key-press"
0 0 23 3 1 #" "
0 0 14 3 1 #"w"
0 0 23 3 1 #" "
0 0 14 3 3 #"key"
0 0 23 3 1 #")"
0 0 23 29 1 #"\n"
0 0 23 3 3 #"  ("
0 0 15 3 4 #"cond"
0 0 23 3 3 #" [("
0 0 14 3 5 #"key=?"
0 0 23 3 1 #" "
0 0 14 3 3 #"key"
0 0 23 3 1 #" "
0 0 19 3 7 #"\"right\""
0 0 23 3 3 #") ("
0 0 14 3 4 #"tick"
0 0 23 3 2 #" ("
0 0 14 3 10 #"tick-frame"
0 0 23 3 1 #" "
0 0 14 3 1 #"w"
0 0 23 3 3 #") ("
0 0 14 3 1 #"+"
0 0 23 3 2 #" ("
0 0 14 3 9 #"tick-xpos"
0 0 23 3 1 #" "
0 0 14 3 1 #"w"
0 0 23 3 2 #") "
0 0 20 3 1 #"5"
0 0 23 3 3 #") ("
0 0 14 3 9 #"tick-ypos"
0 0 23 3 1 #" "
0 0 14 3 1 #"w"
0 0 23 3 2 #") "
0 0 20 3 1 #"0"
0 0 23 3 2 #")]"
0 0 23 29 1 #"\n"
0 0 23 3 10 #"        [("
0 0 14 3 5 #"key=?"
0 0 23 3 1 #" "
0 0 14 3 3 #"key"
0 0 23 3 1 #" "
0 0 19 3 6 #"\"left\""
0 0 23 3 3 #") ("
0 0 14 3 4 #"tick"
0 0 23 3 2 #" ("
0 0 14 3 10 #"tick-frame"
0 0 23 3 1 #" "
0 0 14 3 1 #"w"
0 0 23 3 3 #") ("
0 0 14 3 1 #"-"
0 0 23 3 2 #" ("
0 0 14 3 9 #"tick-xpos"
0 0 23 3 1 #" "
0 0 14 3 1 #"w"
0 0 23 3 2 #") "
0 0 20 3 1 #"5"
0 0 23 3 3 #") ("
0 0 14 3 9 #"tick-ypos"
0 0 23 3 1 #" "
0 0 14 3 1 #"w"
0 0 23 3 2 #") "
0 0 20 3 1 #"1"
0 0 23 3 2 #")]"
0 0 23 29 1 #"\n"
0 0 23 3 10 #"        [("
0 0 14 3 5 #"key=?"
0 0 23 3 1 #" "
0 0 14 3 3 #"key"
0 0 23 3 1 #" "
0 0 19 3 6 #"\"down\""
0 0 23 3 3 #") ("
0 0 14 3 4 #"tick"
0 0 23 3 2 #" ("
0 0 14 3 10 #"tick-frame"
0 0 23 3 1 #" "
0 0 14 3 1 #"w"
0 0 23 3 3 #") ("
0 0 14 3 9 #"tick-xpos"
0 0 23 3 1 #" "
0 0 14 3 1 #"w"
0 0 23 3 3 #") ("
0 0 14 3 1 #"+"
0 0 23 3 2 #" ("
0 0 14 3 9 #"tick-ypos"
0 0 23 3 1 #" "
0 0 14 3 1 #"w"
0 0 23 3 2 #") "
0 0 20 3 1 #"5"
0 0 23 3 3 #") ("
0 0 14 3 12 #"tick-mmstate"
0 0 23 3 1 #" "
0 0 14 3 1 #"w"
0 0 23 3 3 #"))]"
0 0 23 29 1 #"\n"
0 0 23 3 10 #"        [("
0 0 14 3 5 #"key=?"
0 0 23 3 1 #" "
0 0 14 3 3 #"key"
0 0 23 3 1 #" "
0 0 19 3 4 #"\"up\""
0 0 23 3 3 #") ("
0 0 14 3 4 #"tick"
0 0 23 3 2 #" ("
0 0 14 3 10 #"tick-frame"
0 0 23 3 1 #" "
0 0 14 3 1 #"w"
0 0 23 3 3 #") ("
0 0 14 3 9 #"tick-xpos"
0 0 23 3 1 #" "
0 0 14 3 1 #"w"
0 0 23 3 3 #") ("
0 0 14 3 1 #"-"
0 0 23 3 2 #" ("
0 0 14 3 9 #"tick-ypos"
0 0 23 3 1 #" "
0 0 14 3 1 #"w"
0 0 23 3 2 #") "
0 0 20 3 1 #"5"
0 0 23 3 3 #") ("
0 0 14 3 12 #"tick-mmstate"
0 0 23 3 1 #" "
0 0 14 3 1 #"w"
0 0 23 3 3 #"))]"
0 0 23 29 1 #"\n"
0 0 23 3 9 #"        ["
0 0 14 3 4 #"else"
0 0 23 3 1 #" "
0 0 14 3 1 #"w"
0 0 23 3 3 #"]))"
0 0 23 29 1 #"\n"
0 0 23 29 1 #"\n"
0 0 23 3 1 #"("
0 0 15 3 6 #"define"
0 0 23 3 1 #" "
0 0 14 3 8 #"curstate"
0 0 23 3 2 #" ("
0 0 14 3 4 #"tick"
0 0 23 3 1 #" "
0 0 20 3 1 #"0"
0 0 23 3 1 #" "
0 0 20 3 2 #"50"
0 0 23 3 1 #" "
0 0 20 3 2 #"50"
0 0 23 3 1 #" "
0 0 20 3 1 #"0"
0 0 23 3 2 #"))"
0 0 23 29 1 #"\n"
0 0 14 3 8 #"curstate"
0 0 23 29 1 #"\n"
0 0 23 3 1 #"("
0 0 14 3 10 #"tick-frame"
0 0 23 3 1 #" "
0 0 14 3 8 #"curstate"
0 0 23 3 1 #")"
0 0 23 29 1 #"\n"
0 0 23 29 1 #"\n"
0 0 23 3 1 #"("
0 0 14 3 8 #"big-bang"
0 0 23 3 1 #" "
0 0 14 3 8 #"curstate"
0 0 23 29 1 #"\n"
0 0 23 3 11 #"          ("
0 0 14 3 7 #"to-draw"
0 0 23 3 1 #" "
0 0 14 3 12 #"draw-megaman"
0 0 23 3 1 #")"
0 0 23 29 1 #"\n"
0 0 23 3 11 #"          ("
0 0 14 3 7 #"on-tick"
0 0 23 3 1 #" "
0 0 14 3 11 #"update-tick"
0 0 23 3 1 #")"
0 0 23 29 1 #"\n"
0 0 23 3 11 #"          ("
0 0 14 3 6 #"on-key"
0 0 23 3 1 #" "
0 0 14 3 9 #"key-press"
0 0 23 3 2 #"))"
0 0 23 29 1 #"\n"
0           0
